$ANSIBLE_VAULT;1.1;AES256
36363336313630396137653633656139663165303961313030363337336631633439326334643534
3735333538323439393562363330303336346437326630660a393933663463646238336335353464
36663666643764343062656338666139323866306537383565653031353935373334343965633563
3762653434333937380a623162643733306531376565653163323531656636363437613766396230
61306535656239303538326337633566363862333739646166633963316337383538663565663734
61333432326632313734626563323232313163376130376237343134343530356533333030346264
63396132363764383034626461376231363862666339343536336436316536356666353566623362
33346237653935636238363232373631323062396436386234376231383865393164663365663630
33663932613439306334343831393937633531623063373135393733616366313464643833303930
64383030333464313732636432356165323065373039613731313038613634306266636534316235
31663031316137346266616335643663346461366362353230646136366563346466663038346162
61356636353338633939393736653332663766363163313234333139316232303631366461646137
32343564353931336637393133663735303037393437366266303664333964643231663133313036
36653466643434636166663833333865643130313032396162363065356563353734333238346636
39636364383865336336383762633132363330306263313361316663306430646161666539663661
35353435666566333237306634313636623061623536623664356430333066633538653365326630
34316138626562316338653161333030653530656634376136663235346232346265343865613164
66323136376638326338306532343166626639343838643730356635653430656536353663323762
39663931356537363037646631646536633864623662303433653465626664333932663366613039
31316666393836343130626233333761313266623131323631363033646165386339323533623734
36373961383839393766393365353636316463393432373632636436313138656363643531346337
64653538366565343535336464323761616136336363633935653036353536616461626565366434
39313439626539613739663634336136386331623965363539346262393363636430636662366465
38613730353135326264
