$ANSIBLE_VAULT;1.1;AES256
36383538306538613365313031386561323437366132613734656161633633366461393834373063
3539613634623436343036346163376436333261353532330a343266346438343139353534623530
36336566303938616364376362326361346263643866646561303965333738323239623331383861
3163383732616362330a626361333635386433663864653237663638333862633634393237623564
66376564623133616331303135653766336161366162303435656436626535613435396161366436
66613465353033633864323865326530633966623362323036613136373733373031386334313633
65316636396238313331366136303939396432646535343634353532663632333339336365303364
66353461636435393838303333346563653962656665633035346130363332373165313530313261
38616465333933616532633761663132303165623938633265313030393036623461646335653161
65303338653262386265663435366339326464303463613731653962333737383764313163383731
61633066666563333034323230343137636564626565636637346532376433363963356335643834
31656131663262393834383065646232353037353237303061316661373961326334383034376563
62666139646663623130396430323463326539363262366362656361396364303066303637616564
39343535643036353234643966353231643433313764666464336231636133373839626666373738
37346365663361623564663836393733366336343561653136313164613937663730313135333335
36356632636638313262383562613631383535663334626165613831346235326534316333653962
65323130633936653838343032613261356563343836663661376633336330346363353339313663
37383935666633386366356434383664363665373233313532326161626233326330633537333239
313565303134303163306162363761623564
