$ANSIBLE_VAULT;1.1;AES256
39393765383033373930393131343835326530303537363163383638326235666233333362666333
3937343232386163393562366464333938613764333961300a356638373333633765323631623732
37303737646439393237343261663631303831316266326138326532366136383265626466303765
3563393666613763330a323561616431343261333065643662363865323461316435613231653138
37663738306436646335656333376162383936396134313035613032636432386636323239616466
64393331353435383832643632653431373366356464326637336161313737663534616336363566
33306662633062343661393364353135393735313062356532313930343037653439353038653162
32353763303036316637306238663633613964396331636661333137373834383063303135323036
36353462643865663663393139316239376230643264373862363931636230616137336663373630
33653762626362343538353433373735386332393430396362623165306534303334336166313239
62613864613762666365306661623534303965366139626462636238653463386234396366303262
34353030313631346435313165373466393936326235363336356636383362376630626637353136
30666631656665303637323939393466616462366461393161646362336432646363383161386565
37313461663430623736313035663462383333306234303833613164363266336330333661626434
66393335316130303765646230306261616562333732366162373733663631626261356531646631
30353536616433356639653432336631653832333630326463356435326361633235333132323836
34376334386133303833633839626534346231396637386666316264316263396430383733373463
66646163343066363637383735393835386362303535633265386236643538313433626131343265
63666430623935333131313230343265373833343462633732643362346361636537653162376134
38396365613238353833663730386461643530323934326263626531613366323539313935306139
32663034383164343030663262343735643034616339313939633765343635616164326233343164
64613263646462356661356234303731616164613737303538313432333235636432326433393365
38386633656631323232326532343564326330666234356561306433323264623930326330646339
34623435633932656138
