$ANSIBLE_VAULT;1.1;AES256
34373434666461366266303965636331323837613634316132383637653937323162373936623162
6166636330643436663933393336623534613861666532660a343937633461393962656161373132
64396265326534623865666530363863323832346633633439313636333663633265643039396264
3765666637363234340a323862316232353933633466643833363339353337306631363166333731
63316365666534393131353131356238663266623230636438373730373864346539646531623566
63316534653261666638326536396630653033343763616334363631383732636362333834366436
63613336313332626437336137636463313963353631653361623062663263636638383463636165
31363136643038373535353230633033323833383066373463376437643766626335316638396264
34616364396165623932613134356638646366303765326633613134336531303262663535643837
35346430373732313930356462346337396466343061373736336238353130303030393132343333
63613061643963303264643063613734613730393737653264633635333038303166363638633239
31323366353737373766353039383261383764346431336336366234656135636439343731383133
33353961336437646532633364613732656436353930616565363763386435666664353265653338
64303335333933363239383637303563323865633266356330656236353435333435373964613732
38396362306430613162373562643532633161363436343637376532383139633338363638353936
31626133663863306332333965633065323836326364633363383166383763613539376139613933
66383662366631393230356134653337613534363433326531663830636364353761636630396565
61396535613966303336393935303431616464633963396162373933303561323566353439373564
64313163356130373361333939626331313363376334363634393265396136663461633633306335
33383763613239343431636337353961356561383066656361323033313066623332376538633861
37613366313265393062343561623065313635653065636633376463653233613939353161386261
35633031343737313366323834366132333334343234343332376134336231363732313936623536
63383030636661353034633962313062623062323937376164623632316631313336313565336237
34663161326634663638616363323065636636306331383837383965323735643734393834616333
3263
