$ANSIBLE_VAULT;1.1;AES256
30643837313766316132326164623365373362353862653639643661646130313233663831653662
3965343563363266623239343961643134363466323138350a326462326231333532343762643535
62613962383838336166656333636339336630643465373238323935323937633065336533336536
3836353530346538610a376364613936393961323031616266323063653663303963313562623237
62373431363537343638356336653831363039313737653930373964653963633432623933623162
37393233306464303336653436643462666634656130633337313038363831383564306465663131
35643435353162633565306232616662656163646238306666313862333239336337363133323131
65383363613864633133326137643739363639386466636533633730383164363230303032383537
37656461386337383832396166633036306132373162613863643035356330646539316132663562
39303262323733643532653236626233323237656232363061613137323239333530616661363432
62376665623865376662393237623066643836383237363735366337633438386132656635356336
32393431366366316236653861656239333335613863353337356132643730656537663133656666
30386462383265316561646365643936303432636638613638383135613835623537653739383932
31303064323532396634356630326138326665663363376635336130353566643931376661303332
30323439303262626366363664653738346364313636653065303866643664313632656236636232
62316562303437313764616238376538323532343133323336366538333530343363336261333631
34336666646262316632323931386231396431396464373162663962333830303665643831653861
33363835343737393336353936343064343761366631656164316232326135373562313863643236
61306532306261333064306161616537363365333636333463356239646532616231326137626163
66386530393333383364383461306466386161303533336135636232663735616335386530626464
65323433316364373163323536393430326237613636636162623434663462316466616162633264
61636335383661636431633438383461636337363030376166393732376437653435306366383230
35333230363339303563386130623764636561613037626464656130313234663430333538386434
32303434323132313332
